9999999,81,68,79,54,8,36,14,48,12
81,9999999,18,51,89,88,4,99,54,5
68,18,9999999,90,85,10,99,46,23,67
79,51,90,9999999,30,70,74,17,46,4
54,89,85,30,9999999,19,4,81,70,52
8,88,10,70,19,9999999,52,84,50,88
36,4,99,74,4,52,9999999,47,24,21
14,99,46,17,81,84,47,9999999,62,89
48,54,23,46,70,50,24,62,9999999,18
12,5,67,4,52,88,21,89,18,9999999
