9999999,10,26,69,89,81,50,12,96,54
10,9999999,55,68,16,36,26,17,62,60
26,55,9999999,18,11,95,88,4,29,6
69,68,18,9999999,33,3,15,85,6,93
89,16,11,33,9999999,61,69,9,51,49
81,36,95,3,61,9999999,67,63,16,57
50,26,88,15,69,67,9999999,73,82,4
12,17,4,85,9,63,73,9999999,96,21
96,62,29,6,51,16,82,96,9999999,65
54,60,6,93,49,57,4,21,65,9999999